Axis Parallel Hyper-Ellipsoid
=====================================

MEAN: 6.061343887290475E-6
STD: 4.457886494351611E-6



DATASET
-----------------------------

2.286614817819886E-6
1.6160103827374444E-5
9.030610185775605E-6
7.347363832017877E-6
6.509096196345698E-6
5.8305785499767354E-6
2.321751881975195E-6
3.3334503561024265E-6
1.5107570986576012E-6
2.976774120338608E-6
4.681426164861023E-6
1.6750265450689838E-5
1.6555630936133263E-6
2.7668513019877022E-6
4.379039952600241E-6
6.010494970043759E-6
9.996474112415193E-6
1.579505580904718E-6
2.4176246445851596E-6
4.88461665160535E-6
6.944394388250143E-6
8.967347571780158E-6
4.5764513798235465E-6
3.500042324767851E-6
8.916799621331398E-6
2.751316278869692E-6
5.2064520272220105E-6
2.267833919815556E-5
1.82695131566214E-6
3.448051408783999E-6
6.363538084850329E-6
5.904866013158284E-6
2.0496862647375452E-6
2.819105502824762E-6
5.8328804734402076E-6
4.026442641833423E-6
3.288642463388563E-6
1.3384749008655392E-5
6.5960724942225204E-6
2.202004212761592E-6
7.844744380980895E-6
1.5234042235203101E-5
4.473935995460561E-6
4.827623099668223E-6
6.434812537956903E-6
1.074877708420565E-5
9.537840416027948E-6
2.5654812367212472E-6
4.824139897984775E-6
2.862702016104957E-6
