De Jong
==============

MEAN: 4.090886027568621E-7
STD: 2.8312617965241445E-7



DATASET
------------------

1.4959766498956126E-7
7.437401770074677E-8
1.3784754004381032E-7
1.1750887743139452E-7
1.6813573782837264E-7
5.962604950898522E-7
6.766775422018469E-7
1.2238440356522008E-6
5.47606987850839E-7
1.4318807084464682E-7
2.0598275829350628E-7
8.321629119924341E-8
5.881945514245033E-7
8.708810221652754E-8
9.537679197164156E-8
1.537393392893451E-7
3.418412281565647E-7
3.285160772537217E-7
9.872073449878499E-7
2.9791012892652957E-7
3.5160451581727887E-7
3.2312093466404815E-7
3.240298983497378E-7
3.5534632284906997E-7
1.9111483788967385E-7
3.043067941137916E-7
8.135803063982347E-7
2.72055380981985E-7
5.709691195845072E-7
1.2023985380167517E-6
3.778452413785757E-7
5.162061182343987E-7
4.1390439247603354E-7
2.407044390734895E-7
9.501899103198343E-7
3.863262391397797E-7
3.280825228353213E-7
4.452460140173434E-7
2.2937034488833004E-7
4.3846623700803987E-7
9.836290701277224E-7
2.237601108110937E-7
3.8142785071710564E-7
2.010057419563923E-7
4.911669285468805E-7
2.999007030104562E-7
5.082127183290805E-7
2.0778636374562261E-7
7.205619451470728E-7
3.9799701406274906E-7
