Rastrigin's Function
===============================


MEAN: 193.62849833017637
STD: 14.36980082622347



DATASET
-----------------------------

210.23083074931645
201.1401356951523
173.02342655997134
205.322381450869
197.34184996758552
188.79767611265987
179.06578776190284
162.55496012276905
197.22113811245433
194.39324640605113
211.376894412731
189.38350364241222
207.52156567635743
207.38251110215847
205.7125681588427
197.1121828957713
180.96676980603976
223.72568217503894
186.46327154289455
172.56546351565228
198.27313909032196
202.84180393333997
188.35504660079235
214.11713677534354
185.22843873694785
169.17841511191787
201.95469786345842
200.69071521284357
179.66168081845737
191.59796060680642
177.29492905291931
200.65229424611275
172.46734664115468
178.3166047701742
206.3766835188049
182.56607334729514
200.1296868909617
193.62886638380124
222.44262552888597
203.3024930705558
191.99329611832718
161.97818969496478
184.5239740767135
210.90285859869655
205.0860358738201
189.38928536434585
201.4773605275252
202.42115195852261
186.42068620271914
186.8535940256574
