Rosenbrock's Valley
===============================

MEAN: 25.728013835578516
STD: 1.2199790548954668



DATASET
-----------------------------

22.795287480015354
26.10659719280565
25.524817634102124
26.213848771923946
23.85573958545154
25.866295428532354
24.23599825569199
26.093459937243527
25.07849344105393
25.78013840704593
25.967630162424392
26.393573335338885
27.406280042820203
24.438315628387706
25.71327025721162
25.67680786206916
25.580887831411182
25.92709313670298
26.170617201809396
25.47846075253
24.262213292453822
25.940876408171533
22.623686565442238
26.33894948730883
24.80611345733364
26.728795188333883
25.613896594513104
25.51488769038771
26.89291877401327
25.667910451019793
25.142561539428105
26.43439669358398
24.262656158597842
25.712653912285592
26.897581810387376
26.60492033988062
28.80447620977526
24.98787037561252
25.77935184906464
25.136731684314935
27.007686435894787
27.34708875278258
25.85727678087972
25.164104015063955
29.251909769915862
25.16508837411672
25.315838198572223
27.19662537005211
24.92677924478796
24.71123401037935
