Schwefel's Problem
=====================================

MEAN: 12696.918026780339
STD: 4195.459432774405



DATASET
-----------------------------

8075.161029766854
7872.344931878905
10815.323725901922
7386.111450544353
13648.032181133663
7831.805195272188
16639.382862905964
16885.27372117188
13607.642406565437
23925.87172508164
8368.423532238006
12724.000965084579
13399.503855504738
9627.560184824517
7383.143100386446
16295.165415075848
18146.12249913863
7589.613604291121
7442.7719334532785
11553.801689453201
14490.370644221746
14757.560194434756
12978.884716163306
18132.849320185713
11293.291520371613
11960.19786103287
16890.88779191299
16124.62259625249
8800.754773069317
20040.55564219203
11318.632838638074
7909.603370410817
9992.411909245227
12637.07578986734
17990.756079496565
17546.151894523537
13663.934169442071
22421.816902703762
11579.447960573465
15298.92514611809
13153.710116980485
13045.06182166348
14827.814080162327
6702.959530849796
15655.184246051664
7304.62804830148
11575.539736206088
9258.109755519317
10674.283671455394
7602.823201297949
